1
171
256
14598
14598
14598
14598
14598
14598
14598
14598
14598
14598
14598
14598
14598
14598
14598
14598
14598
14598
7972
14598
14598
14598
14598
14598
14598
15328
14598
14598
14598
14598
14598
14598
14598
14598
14598
14598
14598
14598
14598
14197
15328
14598
14598
14598
14598
14598
14476
638
14598
14598
14598
6484
14598
14598
638
14598
6484
14598
2801
14598
14598
14598
14598
14598
9407
12256
14598
6102
14598
14598
6484
14598
6484
14598
14598
14598
14598
14598
14598
14598
14598
14598
14598
13587
14598
7972
14598
14598
14598
14598
13442
14598
14598
14598
7972
14598
14598
14598
14598
14598
14598
14598
14598
14598
13587
14598
14598
14598
13587
14598
14598
14598
5468
14598
14598
13138
14598
12256
14598
14598
14598
14598
13587
14598
14598
14598
14598
14598
14598
14598
13860
14598
14598
14598
13587
14598
14598
638
14598
14598
4164
2135
13587
14598
14598
14598
13442
10368
14598
14598
6388
2135
14197
14598
14598
14598
14197
14598
14598
14197
15500
7972
14598
14598
14598
14598
15500
7972
13442
14598
10368
13442
9113
5964
14598
14598
14598
14598
14598
13587
14598
12581
14598
14598
14598
13860
14598
3249
14598
14598
14598
10368
14598
14598
14598
13587
14598
13587
14598
14598
14598
14598
14598
14598
14598
14598
14598
7972
14598
14598
3324
14598
14598
14598
14598
14598
14598
14598
14598
13860
14197
14197
6484
14598
14598
14598
14197
14598
7972
14598
14598
14598
638
14598
11416
14598
14598
14598
14598
14598
14598
14598
5288
3067
14598
14598
14598
638
14598
14598
14598
6889
14598
14598
14598
14598