0
75
512
11680
2628
882
14414
2249
11680
104
14414
2249
1405
11491
14414
4695
11431
2381
2249
14898
4462
1418
2381
2628
3036
2240
13838
2381
15602
4695
7480
11491
11491
5402
4695
57
1418
13209
11491
9594
11491
14066
7115
5271
11491
2249
15602
2414
2381
10127
11726
7115
11643
11643
1589
11491
2249
10127
3717
4695
13728
11491
2381
7115
15602
10961
5402
11680
13728
8395
2138
7371
7115
11654
14414
4462
15602
11680
1022
11491
11680
8805
57
6664
2249
7801
15598
13209
6726
4462
7826
11491
9276
15572
13838
2414
13209
6796
2574
1418
4695
11680
10800
4462
4695
5253
7669
1745
10207
10853
188
7801
5574
3717
11666
7902
2381
2350
489
15484
7669
7577
11726
14414
11491
1923
2584
7801
1418
11643
16157
10610
10961
1295
7801
15373
4742
16041
11726
15432
2719
7371
10696
13446
2381
1295
4772
10127
16157
7115
16157
179
7564
10127
11971
2414
6470
3588
12513
13838
11643
2249
8136
5536
7115
15602
8557
2192
449
6802
11491
15602
14414
5010
14936
3835
107
14922
2414
12617
11491
4462
13677
3533
6783
7115
11643
7115
2372
11491
5407
11726
7628
13759
4462
10529
2381
15098
11680
1689
12583
15952
7115
1295
5713
3192
4953
252
12246
3278
11491
6835
3903
1837
489
3562
15356
14414
11451
2719
6726
11894
10127
9785
3835
11491
10471
15248
8359
6523
4212
3749
11491
2061
8
9044
3588
11666
6726
15602
12325
11043
11354
4396
10594
3090
2381
1594
15248
2628
6857
7115
6880
10131
2628
869
14849
7669
2381
2628
10592
10853
6666
3903
3283
252
12232
4462
11987
9904
8359
10191
15952
81
6835
1418
13052
13838
10800
2381
11680
6666
13838
6851
16060
188
14414
14514
1295
4462
4695
9480
11491
1418
5402
5632
14898
5632
9475
9737
9301
624
12617
10127
13342
13636
9178
10800
2240
3224
12015
1970
4135
7115
10471
6372
13838
3192
5743
2828
106
9480
6799
11666
6236
11680
14847
16157
14826
16202
9904
7801
14849
11477
11726
5226
14370
7115
11451
2249
11244
2775
12771
13838
13719
6227
1904
11726
1567
1216
13893
4220
6345
276
13446
11491
11826
112
8754
3022
1418
14815
16374
5010
11726
12587
16366
11896
7105
7344
5616
6372
6666
9250
5583
12417
882
7356
13775
10696
5632
16305
3285
15915
1216
13037
16157
14237
15650
3641
1295
2169
10517
2249
9250
13838
6398
1594
3135
3682
2053
7522
3903
15494
12482
10535
2420
15602
5846
4441
3135
1110
3565
2628
8323
1021
3224
107
188
4695
10800
107
10127
12971
4695
1987
13254
9181
16235
7121
11035
7801
7371
7262
9200
7806
15444
13838
405
4695
4463
3192
1904
2249
8818
12949
621
9403
13027
15086
3278
12666
7005
10146
11896
7121
1594
14849
3704
7826
6618
7801
11726
8124
4695
11726
1418
9737
2378
11369
12232
7115
1740
4300
13758
1577
11266
11216
4462
8864
14826
11491
11048
15602
12513
10800
12428
9443
9260
3223
6852
14922
9403
13470
7344
2764
489
4462
11941
9460
2350
5536
8713
2294
13636
7105
10309
10517
7891
15602
10146
1681
13838
2628
12993