1
364
512
6076
16124
13404
16124
13404
2519
706
10351
5657
2113
1252
12656
13441
2519
13404
10351
15528
14582
13441
12656
13404
1252
5654
9852
5654
5647
4570
706
2341
7599
7000
2699
16084
2296
5647
706
3188
6851
463
3755
706
5654
13404
5654
5657
12656
13465
8351
6851
16124
13404
5041
7000
15942
12205
4981
6851
8550
7000
4880
5654
5657
1040
7000
7000
13465
8508
14582
16124
1360
9365
1753
1040
13306
16124
14582
3405
16084
8894
5799
13306
13465
5657
9852
16297
14582
12945
14962
3755
13441
13672
5662
6495
5124
7000
7000
13465
14993
9365
6400
6076
10127
16124
7000
2519
8256
15114
2160
5647
14962
15114
8565
1040
2566
11030
94
12322
13404
2537
1252
11633
5647
11030
15590
1256
13449
8256
2533
11030
13404
706
706
2458
8007
16124
11709
13306
9227
13868
15114
1040
1799
13969
15780
5657
1432
168
715
5870
7598
9422
8894
6429
11215
14582
2640
14457
14582
94
6037
2510
8905
1799
5281
1432
4004
15788
13306
13519
13465
6997
13306
16084
715
5657
10982
14197
6767
14582
16124
8537
10030
13306
3188
12322
8894
13306
12638
2113
13441
3698
9326
16124
13404
1432
1432
2113
11824
2113
11224
16324
7664
7000
14582
7000
1533
10155
11709
6767
7000
12145
9796
1611
15600
14441
1195
6457
7599
7000
6037
7000
6457
7798
8768
1935
7599
6223
12900
6511
8933
6167
2552
12900
13306
8007
14582
6495
9489
5936
10351
6281
6076
13868
6851
1252
1278
6596
12322
8256
8162
9227
7475
2429
13449
2439
1278
13404
4818
7459
706
5217
10351
10351
4608
4959
12945
755
16124
14962
11533
12656
14582
7599
367
7599
8933
2013
12145
15323
3616
8305
11540
10351
12237
9890
7356
5657
15020
9422
15114
7743
3405
13164
8850
11030
12656
6423
4484
1252
4732
7710
7766
14582
13404
8933
16145
706
6507
8391
6733
11433
14582
1110
15114
15942
1256
12945
14582
5657
5870
564
3234
7452
2160
8692
11360
6113
5199
7000
12661
5657
16124
2566
14582
4094
1773
3512
3070
14724
10417
12261
10767
7687
8256
4437
15305
5037
6605
6409
5654
9365
2113
14582
2160
7599
13164
4959
12182
8894
2888
5647
1278
7452
14757
4782
14598
5632
5654
13404
6611
10351
1252
14368
4007
12322
5657
10417
920
12322
94
8594
504
5672
15323
9336
1235
8312
16250
10908
14962
10762
4062
14726
14582
4260
464
12231
10681
7598
14582
10473
2458
15401
1278
14962
13306
5864
4782
13404
7000
11130
8894
6400
8491
10417
583
1611
14962
14962
12945
8491
6537
9881
9365
5041
7365
8256
12656
12700
1110
4186
4576
11892
4981
5654
14582
2510
706
12548
13564
4981
15419
4782
1761
2712
8954
12945
24
5654
15274
9212
10767
7598
4570
15114
11709
14582
14454
8350
13598
15354
583
367
5085
1040
1462
4194
6492
12237
1110
14582
1278
2552
12872
14419
11233
16241
9469
14366
3550
2131
5328
4004
7599
15378
94
15292
1252
14366
10908
24
7664
4437
7000
1533
9959
14582
6851
10700
12945
7643
1040
15780
1799
6303
16188
7000
6202
6076
6400
15805
5647